14
13
18
13
18
22
13
20
16
20
10
25
16
12
20
14
15
18
12
12
19
14
10
23
17
10
17
14
15
15
17
11
20
12
16
16
8
16
23
14
10
17
12
13
22
13
14
10
14
11
13
7
17
16
14
18
14
13
17
10
10
13
14
10
19
10
17
15
19
15
20
14
10
19
18
11
18
13
12
28
13
13
15
17
24
10
11
11
15
9
17
13
16
10
11
17
15
24
10
14
15
7
11
13
15
10
16
9
8
10
17
12
20
10
15
12
15
14
13
12
16
16
15
24
19
20
20
17
8
21
11
11
19
17
9
22
15
11
23
18
19
16
12
19
11
15
14
11
14
11
16
17
15
10
9
17
15
14
16
14
14
15
14
10
15
17
17
11
17
14
15
12
10
15
12
14
16
13
15
18
13
9
12
14
12
13
11
14
20
17
13
17
18
10
12
14
12
21
11
13
15
10
12
18
12
10
15
13
10
20
12
17
11
16
15
20
16
13
20
12
17
12
15
11
23
12
12
15
18
17
13
10
22
10
12
15
15
10
19
15
15
8
15
16
22
12
12
16
15
15
13
13
16
11
9
13
24
11
18
21
8
10
9
15
12
14
16
12
16
18
12
14
18
18
9
12
12
17
14
13
16
11
10
21
13
11
23
15
11
17
18
9
19
9
14
15
9
13
8
19
18
14
10
14
13
14
17
19
9
16
13
16
15
16
15
15
17
16
14
17
15
11
17
12
13
13
13
13
20
17
14
18
15
22
15
13
20
12
17
20
15
9
18
11
13
28
13
8
25
14
10
21
13
9
16
10
10
17
12
12
11
13
11
14
13
14
13
15
14
16
18
12
17
11
16
12
12
23
15
14
21
16
22
24
16
11
21
17
14
18
14
11
16
13
12
14
16
12
12
14
15
14
15
13
12
15
9
17
17
12
17
12
14
14
11
18
17
11
15
15
11
19
12
15
15
8
17
16
16
11
26
11
12
18
11
8
17
17
16
21
11
12
21
8
16
15
14
13
15
15
12
13
15
11
13
17
10
16
20
12
13
15
13
10
11
17
17
12
15
13
10
18
21
6
13
15
18
22
14
13
16
12
14
13
11
19
20
12
6
16
14
16
20
14
13
21
10
10
14
15
15
24
15
14
16
9
16
14
11
16
18
14
12
14
14
19
12
15
15
15
13
25
15
14
19
12
11
24
18
9
14
9
10
11
12
10
21
9
8
12
20
12
17
18
14
15
11
9
14
15
11
15
10
12
9
13
17
14
10
11
16
9
21
12
11
14
12
15
14
11
16
18
11
17
16
12
14
17
11
10
16
19
9
21
16
12
15
16
9
15
18
10
12
18
16
14
15
13
5
13
13
18
16
14
12
13
15
16
15
17
14
25
12
22
14
21
16
14
18
18
7
14
10
11
20
17
12
16
14
10
20
16
12
21
16
9
14
12
10
18
14
15
26
17
10
19
14
12
18
12
16
18
10
11
13
9
14
12
11
9
14
11
9
16
13
17
14
11
13
15
12
16
18
9
9
18
7
14
20
16
8
20
10
8
17
7
14
15
13
19
15
11
13
10
