41
48
46
59
56
49
42
58
40
38
53
57
59
42
65
67
52
47
50
51
53
61
77
62
56
46
68
52
66
58
51
43
54
56
46
50
49
51
47
56
58
54
41
58
49
54
59
57
60
47
63
50
61
60
77
53
46
64
49
61
65
55
53
46
49
53
46
51
60
46
47
49
44
45
60
52
43
47
59
47
70
60
64
50
58
53
71
59
46
57
53
58
48
56
57
72
58
52
43
49
49
63
59
64
43
51
45
59
46
47
47
47
53
42
66
58
43
39
49
50
57
58
63
40
55
55
48
49
49
58
42
52
51
54
49
45
65
66
46
43
61
45
54
53
61
52
54
54
58
53
50
53
58
66
55
45
54
51
55
54
39
51
56
47
55
52
46
58
50
59
41
58
51
41
62
46
57
59
47
54
55
49
45
52
43
45
71
53
60
