17
15
18
29
19
13
21
12
13
19
18
22
15
20
23
18
22
23
21
19
15
23
21
13
20
18
16
19
17
23
19
21
18
29
16
16
22
21
16
17
12
20
21
19
25
12
21
25
23
19
29
20
30
26
17
19
22
18
19
24
17
17
27
19
24
28
20
19
16
13
13
21
16
22
26
18
22
16
15
20
24
17
21
21
21
24
20
20
22
20
11
19
16
21
17
19
18
27
21
22
18
17
22
22
19
25
23
11
14
22
18
15
19
17
17
15
21
20
25
19
18
18
13
22
21
21
14
13
15
19
23
17
23
24
12
19
24
19
20
16
14
18
16
17
22
16
20
24
23
18
13
21
18
19
15
20
21
16
16
23
14
10
19
24
17
16
21
16
22
20
19
19
16
13
19
21
21
16
19
21
14
17
22
22
11
17
19
17
23
23
16
17
24
24
21
19
11
18
13
16
15
13
14
21
18
13
15
24
17
17
15
20
14
22
18
25
16
26
21
25
15
22
14
22
21
15
15
21
17
24
27
17
24
20
24
17
18
17
21
18
24
24
21
19
17
15
18
14
17
21
15
12
19
17
18
16
24
22
17
22
18
16
20
18
19
21
20
19
32
30
24
14
14
17
26
15
19
18
18
12
19
20
20
21
18
17
17
15
21
23
21
18
19
19
17
16
14
24
16
15
13
19
21
22
18
16
25
21
26
25
21
31
13
17
19
17
14
22
16
26
16
19
13
17
21
17
16
18
20
18
23
17
23
12
11
30
19
14
28
16
13
21
13
14
22
21
15
17
27
15
19
22
20
21
28
16
18
19
22
21
19
13
20
12
18
23
13
14
16
17
20
28
19
13
20
16
18
21
18
20
13
15
15
16
14
25
28
20
20
16
15
22
21
18
18
20
20
24
12
20
16
19
14
20
23
20
20
27
17
26
16
24
14
20
18
16
22
14
21
13
27
22
18
16
18
17
24
16
17
26
17
18
24
26
13
26
18
17
17
15
25
21
14
18
15
14
20
17
13
14
17
12
20
19
24
24
20
16
15
15
17
21
20
18
12
18
19
16
20
24
23
19
16
18
21
18
20
17
17
21
15
15
18
18
10
21
12
17
16
12
19
18
20
17
24
24
15
15
11
17
16
22
18
20
13
19
18
12
16
21
20
16
14
13
19
16
19
11
19
14
22
21
20
17
16
20
22
15
23
16
16
20
16
