42
32
37
42
30
34
36
34
40
35
39
39
45
36
40
39
29
39
34
47
40
33
44
42
43
34
32
44
38
39
53
37
36
30
35
32
45
33
38
27
36
40
33
28
41
45
39
39
29
48
47
37
33
33
39
37
31
35
27
35
48
37
35
45
34
34
35
47
31
52
31
31
38
50
35
45
34
26
37
49
37
40
42
32
37
44
56
39
31
25
30
37
34
36
45
44
43
34
41
45
31
43
34
43
32
33
48
32
40
38
40
44
40
35
34
33
40
49
38
39
36
34
40
29
34
35
35
35
33
34
36
39
35
38
34
29
35
39
46
48
34
33
32
31
41
49
38
33
45
37
41
44
37
46
41
53
43
48
40
40
47
43
36
39
44
29
37
33
32
40
40
34
41
44
27
28
35
37
35
31
50
46
45
45
34
37
36
53
27
33
27
27
51
43
41
39
36
43
43
39
34
39
39
33
35
38
31
37
38
31
49
39
35
51
39
46
35
43
31
32
43
46
42
43
31
42
40
33
41
32
34
39
39
46
28
42
29
30
33
40
32
40
42
40
37
33
42
37
32
29
37
42
28
29
45
31
46
46
28
42
43
38
33
25
46
