23
21
19
17
16
24
19
21
22
17
14
11
20
17
18
15
17
24
18
21
14
24
13
15
20
24
28
19
20
24
19
25
15
24
18
19
20
17
17
23
19
20
18
19
20
16
19
19
19
17
22
14
15
29
22
14
22
33
15
18
21
21
20
10
29
14
15
31
20
21
16
21
14
20
18
23
26
19
22
16
27
19
28
22
20
21
26
16
21
17
19
15
18
18
26
25
15
23
19
21
18
15
18
21
12
21
26
23
25
22
17
22
17
22
22
22
20
13
25
17
26
24
20
22
25
23
18
29
17
20
25
11
18
18
18
22
24
19
22
26
18
22
20
25
23
19
17
14
15
29
21
21
21
15
19
20
17
15
23
21
23
19
16
17
22
23
16
24
22
18
13
23
20
20
18
24
21
22
21
19
27
18
20
18
21
16
18
19
23
23
24
24
28
19
16
17
22
15
17
22
14
14
13
23
16
18
20
16
17
21
24
17
17
27
16
24
15
21
21
14
18
22
17
18
18
16
21
20
16
20
23
20
18
20
21
18
17
27
22
25
18
18
19
25
19
15
19
27
21
17
13
21
21
17
21
15
21
18
18
20
25
17
16
14
13
16
25
19
18
22
24
18
20
22
15
14
18
18
18
17
14
19
21
23
21
20
23
21
16
19
28
22
19
23
17
19
18
18
18
21
18
16
18
14
18
17
20
24
13
22
23
25
19
17
20
18
21
22
19
19
19
28
18
24
15
14
17
22
18
15
22
16
20
25
17
18
16
18
21
18
21
20
18
20
15
14
28
25
19
17
19
19
13
20
23
18
21
19
21
20
17
26
24
25
16
17
19
19
19
17
17
19
23
22
18
24
18
17
11
25
23
25
22
19
21
19
18
17
16
18
20
18
22
22
13
27
24
21
17
25
18
18
15
23
17
19
18
21
23
20
19
16
23
20
18
21
15
15
13
18
18
25
22
19
23
19
17
14
15
18
21
18
21
15
16
23
14
20
19
17
24
20
19
23
25
24
24
21
14
14
21
16
24
22
14
22
27
15
19
32
15
18
18
17
19
16
19
18
23
19
21
23
13
19
19
15
24
17
19
21
14
16
18
20
20
21
20
17
22
17
25
17
23
20
17
20
24
21
25
18
15
26
17
24
23
14
21
23
20
17
