20
19
16
20
23
15
24
15
18
23
17
17
18
21
20
20
20
27
21
16
16
12
20
22
17
28
26
19
21
18
13
22
28
18
20
19
19
15
18
18
16
20
16
18
15
14
12
21
16
12
13
15
15
13
20
19
20
14
18
19
16
17
17
18
18
17
17
16
19
24
16
17
18
15
17
26
20
24
20
15
23
20
21
27
18
16
15
22
22
11
22
16
14
15
26
13
17
15
21
21
22
19
20
17
16
16
17
18
19
12
16
17
19
18
11
20
20
20
18
19
18
16
15
25
27
8
16
14
18
15
25
17
22
19
17
17
22
25
15
24
17
16
14
17
19
18
17
20
22
16
18
20
15
22
16
17
12
18
16
18
15
14
24
16
13
23
14
16
23
13
14
25
15
16
20
16
21
15
15
14
19
21
22
19
14
20
19
14
19
15
17
18
20
17
20
18
18
20
16
14
22
27
24
20
20
19
20
17
16
18
16
16
22
11
19
16
13
23
20
19
11
12
25
17
14
17
23
26
14
18
12
22
21
22
15
20
19
15
25
19
16
19
17
21
21
17
16
27
19
15
21
21
16
23
18
19
22
21
20
25
11
17
15
13
20
18
14
17
22
16
13
18
21
23
23
31
14
14
21
18
18
21
16
17
12
21
20
19
18
19
15
22
15
14
23
17
26
19
12
17
24
18
21
25
22
21
18
12
11
18
14
19
14
21
13
13
15
20
20
19
21
23
17
14
21
12
16
21
17
13
16
19
18
19
16
28
18
21
17
17
18
15
21
19
20
18
21
21
16
15
23
20
19
11
18
16
22
16
13
12
20
15
13
19
19
16
13
19
21
18
14
19
14
22
22
16
20
19
20
17
18
13
26
26
21
24
19
16
27
16
16
18
15
18
19
19
20
17
14
21
13
28
13
17
18
17
21
13
15
21
25
19
28
15
22
22
21
19
16
16
16
17
13
16
17
16
12
25
15
20
19
17
27
21
21
23
20
16
18
18
21
20
15
20
17
15
19
17
17
16
15
20
17
16
21
17
18
14
23
19
20
14
20
12
20
20
18
16
20
18
14
16
16
16
16
20
19
24
19
12
16
13
23
18
14
17
21
18
21
24
20
20
21
20
18
22
12
19
16
19
21
14
16
20
14
23
12
15
16
17
20
22
20
15
19
22
18
16
18
14
20
23
19
20
20
15
16
24
19
18
23
20
19
15
14
20
19
17
15
19
18
22
16
12
24
22
21
22
