12
19
14
11
15
13
13
13
12
11
22
4
12
16
12
9
15
14
9
20
10
13
19
8
13
18
10
13
14
13
15
20
19
13
15
13
13
14
13
15
14
10
10
18
12
11
22
9
12
19
7
14
21
12
14
8
8
16
11
17
18
9
10
17
14
14
16
8
13
16
14
15
14
16
12
20
12
4
17
9
11
16
14
11
15
10
14
15
8
8
19
11
14
16
10
10
13
15
19
14
18
20
9
15
10
8
12
17
12
13
11
12
12
18
16
17
16
16
19
20
13
14
17
14
6
15
11
10
19
14
12
10
13
16
19
9
9
20
6
15
18
13
12
13
10
21
13
7
15
11
13
19
10
8
21
11
9
15
13
12
11
10
13
17
9
8
20
14
10
16
12
9
28
10
15
18
14
10
16
14
9
14
13
9
14
12
10
18
14
20
13
12
18
10
15
19
11
10
19
12
13
11
9
15
16
14
10
21
12
9
11
9
14
11
13
15
17
10
14
10
16
10
16
12
16
12
9
10
19
12
16
16
11
21
14
19
18
13
13
21
11
14
23
15
9
16
16
13
15
15
8
13
11
11
19
12
18
15
11
11
12
13
9
18
11
12
16
12
11
16
11
14
19
15
20
17
19
16
17
16
16
9
11
8
12
10
19
14
7
18
16
16
16
13
17
17
14
12
13
15
13
11
12
15
17
7
13
27
17
18
24
14
15
15
17
10
19
12
9
20
14
12
20
6
18
16
15
16
13
17
18
14
14
20
13
17
27
8
13
23
16
16
16
15
13
21
13
14
16
7
10
12
14
19
21
15
18
21
14
7
16
10
11
22
12
14
20
16
16
14
17
12
18
15
17
24
18
8
18
14
15
28
17
21
15
14
18
18
14
23
19
10
18
18
10
17
10
13
18
7
15
16
14
10
21
14
9
16
17
11
19
16
13
19
12
12
20
14
15
18
18
12
10
17
19
14
11
16
20
18
25
16
11
18
16
13
24
16
9
23
6
16
25
14
17
25
15
16
22
14
14
16
13
13
20
15
17
19
12
8
15
13
11
17
12
16
15
15
12
18
13
20
15
18
11
12
11
27
15
20
23
11
17
19
11
13
12
13
14
19
13
13
25
11
11
18
15
13
19
16
20
12
15
11
23
12
17
14
13
17
14
10
11
15
10
13
14
13
16
18
16
12
12
15
32
11
10
25
10
11
23
16
13
18
11
15
22
17
16
15
13
15
19
9
10
17
11
16
13
17
17
20
8
10
18
12
17
13
10
12
20
16
18
14
5
9
14
11
14
15
13
15
19
12
22
14
14
22
12
10
17
19
20
21
9
12
19
10
12
17
15
10
23
16
16
19
15
11
24
18
15
13
12
11
13
21
18
20
5
18
14
12
7
12
14
7
21
17
16
15
40
12
15
11
11
9
14
17
10
13
15
18
14
19
17
16
21
10
16
22
18
15
22
14
11
27
13
15
20
4
9
21
20
12
18
14
21
25
13
13
18
16
22
16
15
13
17
15
16
19
15
18
13
11
18
19
15
14
14
10
12
14
13
26
