6
26
11
12
25
11
9
9
14
9
17
10
11
18
9
18
16
13
9
14
11
12
24
12
15
21
11
17
16
16
11
15
17
10
15
11
12
18
10
23
13
12
22
10
12
30
18
13
15
9
8
21
17
11
15
10
12
18
13
15
16
14
13
20
6
18
19
12
9
19
12
16
13
9
10
13
14
15
12
13
11
16
9
17
17
9
18
10
12
24
14
12
19
16
15
16
17
12
17
9
10
20
14
10
22
19
29
17
16
12
19
11
15
18
12
8
19
9
6
19
10
14
21
14
8
8
16
20
21
9
16
21
15
22
8
10
28
14
14
20
10
10
19
11
13
19
9
21
20
10
13
16
14
15
18
17
11
19
22
11
20
20
19
22
14
10
14
12
9
12
14
9
21
14
14
24
10
20
14
11
16
14
11
21
12
15
21
12
11
23
14
12
19
8
12
21
10
12
17
12
8
12
11
12
13
11
12
14
10
10
22
10
16
13
8
13
17
15
13
19
8
14
17
14
18
8
17
20
14
14
21
11
15
27
13
13
16
10
14
14
13
14
22
12
11
15
14
11
25
9
15
17
14
15
18
18
14
19
17
12
18
8
11
17
10
17
18
11
14
22
17
8
16
12
12
13
16
16
10
10
18
12
11
27
6
17
18
10
6
17
11
11
20
9
9
25
15
8
21
8
13
22
15
8
23
9
11
21
7
11
18
11
11
19
13
13
13
13
11
13
16
22
16
22
26
17
13
31
13
14
17
10
16
26
16
10
16
14
17
22
13
14
18
9
11
13
14
7
16
12
13
16
15
17
12
12
11
20
14
13
18
15
10
16
16
15
10
10
18
17
8
22
14
12
28
13
16
21
10
12
22
9
9
24
10
13
15
12
13
15
16
11
16
11
8
20
19
13
18
12
10
18
13
13
15
9
10
15
12
11
17
14
9
16
10
15
15
12
18
11
10
20
15
13
22
14
12
20
11
13
11
11
13
16
18
9
16
10
9
20
13
11
15
12
18
11
9
18
16
13
12
15
13
12
19
16
14
16
11
11
13
15
7
14
17
15
15
6
11
13
10
25
10
16
24
12
14
16
18
10
21
10
7
18
11
12
15
20
11
12
15
13
23
10
13
12
8
8
15
15
12
11
15
15
17
14
12
19
15
13
14
14
21
9
14
22
11
19
26
13
14
25
15
12
17
12
17
21
19
13
30
19
19
19
12
13
16
11
16
9
15
14
18
13
11
18
10
23
20
13
12
11
12
22
21
9
19
12
15
22
12
16
19
15
10
26
10
11
17
15
17
23
13
16
19
13
11
18
13
8
19
10
9
18
14
11
15
9
9
14
12
12
23
12
10
16
14
6
12
15
16
19
11
14
18
8
27
12
6
11
12
11
18
16
17
22
12
15
18
14
6
17
16
13
18
14
9
27
15
12
23
14
14
20
12
14
16
10
12
14
14
6
14
15
13
14
9
10
13
6
7
21
7
12
14
8
14
15
13
13
15
11
21
15
13
5
19
13
15
9
14
16
13
17
21
13
12
21
9
6
20
19
10
21
8
9
17
16
22
17
12
13
