27
25
21
14
22
20
23
21
16
21
21
20
12
22
25
19
14
17
21
16
20
19
13
24
20
20
19
21
15
18
18
17
21
21
17
22
23
22
20
18
20
22
21
23
33
13
18
18
15
26
19
19
29
21
21
19
24
14
24
22
23
21
16
25
23
14
23
22
20
17
20
19
16
19
16
16
22
18
19
19
20
19
20
18
18
20
24
20
18
19
23
19
13
19
18
13
23
19
11
20
25
22
22
17
23
24
14
25
17
19
16
20
23
20
24
23
19
23
17
29
22
26
11
19
15
25
18
17
21
23
24
16
16
22
20
20
25
16
16
24
24
18
18
26
19
15
24
25
21
29
18
20
17
16
13
23
22
15
13
15
12
20
28
13
19
23
22
22
20
21
30
16
20
30
13
21
20
15
23
20
26
22
26
18
20
18
19
27
19
22
20
24
18
21
16
18
18
19
30
23
21
17
27
21
16
26
21
19
16
25
21
33
19
34
26
19
15
22
21
25
14
23
23
23
25
21
20
19
14
21
23
24
21
29
17
19
22
23
23
25
21
23
23
12
22
14
16
17
12
27
24
17
25
20
22
21
35
17
22
26
18
23
23
19
19
23
21
24
15
16
19
20
18
21
25
26
22
21
21
22
28
13
25
14
27
18
22
22
18
17
24
26
22
22
23
20
25
17
21
24
26
13
24
15
15
16
15
20
21
15
17
17
19
19
25
19
15
21
20
21
20
21
12
22
13
19
25
14
23
17
28
18
24
16
18
14
23
21
14
24
26
18
20
25
22
17
18
23
11
14
17
15
17
25
15
18
14
15
20
16
19
22
20
17
13
14
19
15
22
20
20
19
18
22
14
23
14
16
31
19
21
22
22
24
22
26
16
23
18
20
20
17
15
25
17
17
19
23
21
22
17
20
23
24
30
21
21
25
20
18
16
22
20
20
15
18
15
12
17
20
21
25
15
20
23
14
29
15
18
17
21
17
20
21
21
24
16
16
21
19
25
21
18
19
22
19
18
19
22
22
19
20
27
17
17
17
23
23
22
16
23
27
8
20
18
16
21
16
19
20
17
15
28
20
17
20
13
18
19
18
16
15
21
18
18
19
20
19
22
19
25
19
17
23
15
14
24
22
19
26
