18
18
16
17
13
14
17
11
17
12
15
14
17
19
14
18
15
14
18
11
17
13
11
14
13
14
13
16
12
17
21
18
23
16
15
17
15
13
16
18
16
20
15
20
12
17
16
11
12
15
18
16
13
16
11
14
14
14
17
16
14
12
16
16
14
15
14
12
19
18
14
13
16
16
13
12
11
20
9
13
17
10
13
17
18
15
18
18
15
19
15
19
19
12
22
10
13
18
17
18
17
18
19
11
15
15
16
15
11
17
18
19
11
12
14
19
14
13
13
16
14
16
17
16
15
13
11
7
14
17
14
18
16
15
13
17
11
13
24
15
18
18
9
15
12
20
9
14
13
12
14
11
12
14
14
14
11
18
17
17
14
20
19
14
14
19
8
13
14
15
11
20
13
12
14
15
16
20
16
16
16
13
20
11
14
18
9
15
18
15
18
8
18
12
13
15
10
18
17
15
13
15
16
20
14
14
10
19
10
15
17
15
18
16
17
16
18
16
11
17
11
20
14
14
12
14
12
16
10
20
14
16
15
13
17
18
20
11
15
13
13
14
13
19
15
16
14
21
13
10
15
17
17
14
17
13
16
16
17
16
15
14
17
15
12
20
14
14
14
13
13
20
20
11
13
12
13
19
14
14
19
19
13
16
16
13
17
14
11
17
15
15
14
13
15
16
11
15
14
14
13
16
15
15
11
20
7
16
13
18
14
15
11
17
17
13
15
16
19
17
13
9
13
19
11
16
14
12
18
16
19
23
11
16
12
10
15
16
17
19
16
14
19
13
13
13
12
9
16
10
13
17
17
15
14
15
10
17
16
12
21
15
14
22
12
13
20
11
14
11
10
12
25
13
12
21
12
18
19
12
21
15
15
20
17
15
18
15
14
12
16
16
17
18
21
19
14
11
20
10
16
17
13
14
12
16
10
16
14
13
13
12
9
15
13
8
27
9
20
21
17
15
11
16
18
12
14
13
15
16
21
17
11
12
16
17
13
12
17
14
15
10
21
12
11
14
10
12
11
11
14
15
13
12
16
21
13
16
14
11
12
15
17
12
9
11
15
16
13
15
14
13
18
9
20
15
19
19
19
10
15
16
14
18
17
18
18
17
13
10
15
15
11
20
17
18
17
15
12
12
12
13
16
14
16
16
12
15
11
13
16
15
9
16
13
20
17
15
15
9
15
15
14
14
16
13
13
14
17
14
10
12
11
11
7
19
16
15
14
17
15
9
13
16
15
22
11
17
11
14
18
14
14
11
23
17
14
11
21
16
13
17
15
15
18
14
18
12
15
14
11
17
14
16
16
20
20
17
17
14
17
12
16
15
19
8
14
13
13
14
16
14
11
12
12
12
12
15
14
13
16
15
8
13
19
19
10
7
16
21
15
11
14
20
22
10
15
14
15
12
9
13
15
13
13
13
11
23
12
11
18
13
8
20
10
12
14
12
14
16
11
18
15
14
11
13
14
12
17
15
16
12
13
16
12
11
16
14
12
14
18
13
12
13
15
13
11
14
15
18
11
22
17
10
22
10
15
