9
17
13
10
8
18
9
15
12
16
15
10
12
13
18
15
11
17
10
13
10
10
10
16
12
9
19
8
13
14
6
12
10
18
15
15
9
12
13
11
19
13
10
13
11
10
16
12
13
12
15
13
12
11
15
15
12
10
15
14
11
21
13
12
17
11
12
17
12
12
13
9
10
17
12
12
12
10
14
10
13
22
16
13
19
8
12
10
16
6
18
10
13
18
13
11
18
10
13
11
12
14
15
12
12
16
10
11
12
19
11
15
12
13
13
12
13
17
13
12
13
11
13
8
11
20
15
10
16
10
14
15
14
11
13
12
8
18
13
17
9
11
9
14
8
8
17
12
9
13
8
12
15
14
10
14
13
12
16
12
10
14
13
11
15
12
9
14
17
13
12
16
7
15
11
19
12
10
12
20
12
18
11
10
13
14
12
23
6
13
13
10
11
18
14
9
16
10
15
15
9
11
14
13
13
17
12
10
13
9
16
12
10
11
18
19
17
13
14
14
13
9
11
12
14
10
20
11
17
12
10
19
9
11
16
3
11
12
12
11
12
15
12
17
10
12
12
11
13
16
15
12
13
14
16
16
17
11
11
11
12
14
15
11
13
14
6
13
13
12
10
13
14
17
14
13
6
10
17
13
13
17
10
13
18
11
7
12
11
15
15
9
15
12
6
6
12
9
15
20
9
16
15
14
15
16
12
12
18
8
16
11
9
11
16
16
14
12
7
18
13
15
20
13
11
7
12
11
13
14
9
11
18
13
13
13
8
14
13
9
14
12
9
20
9
12
16
18
7
15
12
9
11
10
9
21
7
9
11
12
9
13
11
9
14
14
12
13
13
13
21
5
10
11
8
11
12
9
19
14
8
11
12
10
10
17
14
14
5
15
16
13
11
13
8
16
13
9
14
11
11
9
12
14
12
16
10
11
15
13
19
17
14
14
7
18
29
6
14
14
10
12
21
9
14
21
8
9
15
11
15
12
8
13
19
9
14
11
11
7
16
9
17
11
9
13
11
13
16
15
13
11
13
10
8
19
7
12
13
9
17
14
11
16
14
13
19
11
17
20
9
10
12
12
8
21
12
16
21
9
16
13
9
14
14
11
11
12
13
16
10
12
11
8
13
12
14
17
9
15
6
15
8
16
8
17
11
11
12
11
10
13
10
17
13
10
21
8
14
18
8
12
9
6
13
17
10
13
13
14
13
17
10
12
21
13
11
20
19
17
10
11
13
15
12
6
20
12
9
15
9
12
12
10
12
15
11
13
11
12
12
13
11
12
18
10
19
9
11
19
11
12
10
9
14
10
11
11
15
7
10
11
10
17
15
7
10
13
16
10
21
8
11
18
9
11
16
11
12
14
7
12
15
10
20
10
14
19
11
10
14
12
12
22
20
8
15
12
11
17
7
18
13
13
16
12
14
8
14
13
12
8
14
12
17
15
15
11
10
9
12
8
13
13
11
10
17
9
12
11
12
15
17
11
9
14
10
13
12
9
16
11
15
14
11
15
23
14
11
23
12
11
15
11
10
12
15
17
20
13
11
19
11
9
18
11
13
14
7
11
17
8
16
13
10
10
14
14
18
10
12
9
10
15
12
8
8
16
15
12
8
15
6
14
8
11
10
16
9
16
7
15
10
6
10
12
11
11
16
9
12
17
13
12
13
14
13
17
17
13
14
12
15
20
13
15
12
10
19
11
9
19
7
14
13
13
8
9
9
10
14
13
10
12
6
6
11
10
6
11
15
14
20
9
13
17
12
7
15
9
10
14
9
12
14
12
10
15
13
